1016
1129
1179
1234
1260
1356
1576
2088
2133
2206
2226
2409
2510
2604
2775
2786
2823
2959
2968
3006
3113
3161
3201
3304
3413
3470
3606
3714
3916
3935
3982
4024
4042
4092
4110
4130
4173
4271
4281
4470
4476
4707
4786
4792
4794
4902
5114
5120
5234
5361
5492
5589
5608
5883
5895
5936
5938
6210
6225
6347
6371
6436
6550
6633
6666
6873
6974
7103
7148
7191
7240
7279
7349
7399
7751
7777
7790
7791
7792
7803
7811
7864
7877
7924
8049
8050
8213
8220
8416
8478
8555
8592
8610
8624
8640
8699
8744
8758
8771
8795
8888
9262
9413
9792
9838
9999
