1004
1010
1014
1020
1024
1027
1030
1034
1040
1044
1050
1054
1060
1064
1067
1070
1074
1080
1084
1090
1094
1100
1104
1110
1113
1114
1120
1124
1130
1134
1140
1144
1150
1154
1160
1164
1170
1174
1180
1184
1190
1194
1200
1204
1210
1214
1220
1224
1230
1234
1240
1244
1250
1254
1260
1264
1270
1274
1280
1284
1290
1294
1300
1304
1310
1314
1320
1324
1330
1334
1340
1344
1350
1354
1360
1364
1370
1374
1380
1384
1390
1394
1400
1404
1410
1414
1420
1424
1430
1434
1440
1444
1450
1454
1460
1464
1470
1474
1480
1484
1490
1494
1500
